4356 0   
2812 0   
3595 0   
4402 0   
4080 0   
4877 0   
4939 0   
3350 0   
2958 0   
5073 0   
5542 0   
5070 0   
1383 0   
1572 0   
2599 0   
2766 0   
2208 0   
4479 0   
4036 0   
2913 0   
3579 0   
1518 0   
2357 0   
5011 0   
3137 0   
4809 0   
5524 0   
5451 0   
2138 0   
5068 0   
5714 0   
5706 0   
3076 0   
5033 0   
5317 0   
1848 0   
5306 0   
4306 0   
2301 0   
1637 0   
3100 0   
1123 0   
3225 0   
2483 0   
4512 0   
5406 0   
1608 0   
5766 0   
2897 0   
4026 0   
2657 0   
1134 0   
2716 0   
4685 0   
3662 0   
4133 0   
1995 0   
3781 0   
1421 0   
4804 0   
2966 0   
2715 0   
2688 0   
5111 0   
5769 0   
5183 0   
3878 0   
4221 0   
2241 0   
1676 0   
4090 0   
4318 0   
5555 0   
1249 0   
2580 0   
4728 0   
2291 0   
